[Busway.JPG]
filters=PicnikTint=1,56.140350,0080cfff;
moddate=3f21b0ccaf43d001
width=4540
height=1771
textactive=0
[Busway1.JPG]
filters=PicnikTint=1,0.000000,ff006f9d;glow2=1,0.988304,250.000000;glow2=1,0.650000,5.905644;PicnikTint=1,0.000000,0080cfff;PicnikTint=1,0.000000,ff79b3db;
moddate=56319aa0c943d001
width=4541
height=1597
textactive=0
